vesselCount = 6
UT = 3403573.5909031644
gameMode = CAREER
gameNull = False
gameCompatible = True
funds = 1267358.4752643448
science = 179
reputationPercent = 40
ongoingContracts = 3
missionCurrentScore = 0
missionIsStarted = False
missionIsEnded = False
missionHistoryId = 00000000-0000-0000-0000-000000000000
missionExpansionVersion = 
saveMD5 = 543b1e9d6af9d5e87695ce08deed1f28
