vesselCount = 6
UT = 2723809.4763217866
gameMode = CAREER
gameNull = False
gameCompatible = True
funds = 1145838.4752643448
science = 172
reputationPercent = 39
ongoingContracts = 3
missionCurrentScore = 0
missionIsStarted = False
missionIsEnded = False
missionHistoryId = 00000000-0000-0000-0000-000000000000
missionExpansionVersion = 
saveMD5 = 3ca23931f75f7b7530c3514530477bcd
