vesselCount = 4
UT = 2449934.5106594954
gameMode = CAREER
gameNull = False
gameCompatible = True
funds = 344163.48012811918
science = 280
reputationPercent = 34
ongoingContracts = 2
missionCurrentScore = 0
missionIsStarted = False
missionIsEnded = False
missionHistoryId = 00000000-0000-0000-0000-000000000000
missionExpansionVersion = 
saveMD5 = 2cff95e8f6ab64e0f866273343e88bb7
