vesselCount = 5
UT = 2600947.8219227451
gameMode = CAREER
gameNull = False
gameCompatible = True
funds = 980430.47917059471
science = 325
reputationPercent = 37
ongoingContracts = 2
missionCurrentScore = 0
missionIsStarted = False
missionIsEnded = False
missionHistoryId = 00000000-0000-0000-0000-000000000000
missionExpansionVersion = 
saveMD5 = 76d5a2cf1a9ef2bf2021e31fb032e5ce
