vesselCount = 6
UT = 2487693.3273477731
gameMode = CAREER
gameNull = False
gameCompatible = True
funds = 443993.74665120221
science = 286
reputationPercent = 35
ongoingContracts = 2
missionCurrentScore = 0
missionIsStarted = False
missionIsEnded = False
missionHistoryId = 00000000-0000-0000-0000-000000000000
missionExpansionVersion = 
saveMD5 = 2022d2c4dd474a8497fc587881d43e62
