vesselCount = 5
UT = 2600907.8819227079
gameMode = CAREER
gameNull = False
gameCompatible = True
funds = 645247.61947940174
science = 325
reputationPercent = 37
ongoingContracts = 1
missionCurrentScore = 0
missionIsStarted = False
missionIsEnded = False
missionHistoryId = 00000000-0000-0000-0000-000000000000
missionExpansionVersion = 
saveMD5 = 906e136a82fd5072481cc79d397d0488
