vesselCount = 5
UT = 3492968.2342754328
gameMode = CAREER
gameNull = False
gameCompatible = True
funds = 1410131.1846430642
science = 1431
reputationPercent = 42
ongoingContracts = 3
missionCurrentScore = 0
missionIsStarted = False
missionIsEnded = False
missionHistoryId = 00000000-0000-0000-0000-000000000000
missionExpansionVersion = 
saveMD5 = 4a7125fb8d9991dd4f9ec06ac804e48c
