vesselCount = 9
UT = 9507016.6164718363
gameMode = CAREER
gameNull = False
gameCompatible = True
funds = 4948152.5079003461
science = 2536
reputationPercent = 58
ongoingContracts = 4
missionCurrentScore = 0
missionIsStarted = False
missionIsEnded = False
missionHistoryId = 00000000-0000-0000-0000-000000000000
missionExpansionVersion = 
saveMD5 = 1dd58c4fdba0f789ef5c9a564474f2b0
