vesselCount = 9
UT = 9526805.9676231556
gameMode = CAREER
gameNull = False
gameCompatible = True
funds = 4103152.5079003461
science = 1986
reputationPercent = 58
ongoingContracts = 4
missionCurrentScore = 0
missionIsStarted = False
missionIsEnded = False
missionHistoryId = 00000000-0000-0000-0000-000000000000
missionExpansionVersion = 
saveMD5 = 31488d0dd5b6d5c2c3a22cdf20b6bc38
