vesselCount = 9
UT = 9498948.1908847708
gameMode = CAREER
gameNull = False
gameCompatible = True
funds = 6638152.5079003461
science = 2807
reputationPercent = 58
ongoingContracts = 4
missionCurrentScore = 0
missionIsStarted = False
missionIsEnded = False
missionHistoryId = 00000000-0000-0000-0000-000000000000
missionExpansionVersion = 
saveMD5 = 7757e59269ea9736cf96308ad78d1984
