vesselCount = 9
UT = 9499954.5232903063
gameMode = CAREER
gameNull = False
gameCompatible = True
funds = 6638152.5079003461
science = 3154
reputationPercent = 58
ongoingContracts = 4
missionCurrentScore = 0
missionIsStarted = False
missionIsEnded = False
missionHistoryId = 00000000-0000-0000-0000-000000000000
missionExpansionVersion = 
saveMD5 = 62d4a20da1046d2ddd87273a34391959
