vesselCount = 10
UT = 9524108.1586790495
gameMode = CAREER
gameNull = False
gameCompatible = True
funds = 4103152.5079003461
science = 1986
reputationPercent = 58
ongoingContracts = 4
missionCurrentScore = 0
missionIsStarted = False
missionIsEnded = False
missionHistoryId = 00000000-0000-0000-0000-000000000000
missionExpansionVersion = 
saveMD5 = 7332d080ccd24b254266995a4ab0b4b1
