vesselCount = 10
UT = 9866708.0712906048
gameMode = CAREER
gameNull = False
gameCompatible = True
funds = 4825691.6221368378
science = 1986
reputationPercent = 60
ongoingContracts = 3
missionCurrentScore = 0
missionIsStarted = False
missionIsEnded = False
missionHistoryId = 00000000-0000-0000-0000-000000000000
missionExpansionVersion = 
saveMD5 = 2936262bc2eb9a30dcfc5269d01866b2
