vesselCount = 9
UT = 9501645.0511585306
gameMode = CAREER
gameNull = False
gameCompatible = True
funds = 6638152.5079003461
science = 3154
reputationPercent = 58
ongoingContracts = 4
missionCurrentScore = 0
missionIsStarted = False
missionIsEnded = False
missionHistoryId = 00000000-0000-0000-0000-000000000000
missionExpansionVersion = 
saveMD5 = 80062c56573cfeab3e7ff18d178f83dc
