vesselCount = 9
UT = 9526931.3476203531
gameMode = CAREER
gameNull = False
gameCompatible = True
funds = 4103152.5079003461
science = 1986
reputationPercent = 58
ongoingContracts = 4
missionCurrentScore = 0
missionIsStarted = False
missionIsEnded = False
missionHistoryId = 00000000-0000-0000-0000-000000000000
missionExpansionVersion = 
saveMD5 = 2951434dc7919e83443fdc4106d9033e
