vesselCount = 9
UT = 9505500.1696819253
gameMode = CAREER
gameNull = False
gameCompatible = True
funds = 6638152.5079003461
science = 3154
reputationPercent = 58
ongoingContracts = 4
missionCurrentScore = 0
missionIsStarted = False
missionIsEnded = False
missionHistoryId = 00000000-0000-0000-0000-000000000000
missionExpansionVersion = 
saveMD5 = 3763acd30017b54d2ea9f6a07b6483d6
