vesselCount = 14
UT = 9529435.8059270326
gameMode = CAREER
gameNull = False
gameCompatible = True
funds = 3837042.8595849164
science = 1986
reputationPercent = 58
ongoingContracts = 4
missionCurrentScore = 0
missionIsStarted = False
missionIsEnded = False
missionHistoryId = 00000000-0000-0000-0000-000000000000
missionExpansionVersion = 
saveMD5 = 17f2b53618c9a37c9772ab5cc76ad454
