vesselCount = 10
UT = 9527991.2846213281
gameMode = CAREER
gameNull = False
gameCompatible = True
funds = 3825904.01919185
science = 1986
reputationPercent = 58
ongoingContracts = 4
missionCurrentScore = 0
missionIsStarted = False
missionIsEnded = False
missionHistoryId = 00000000-0000-0000-0000-000000000000
missionExpansionVersion = 
saveMD5 = 14f920d55ef167cb8de5a817989c65b9
