vesselCount = 6
UT = 3595434.0582237015
gameMode = CAREER
gameNull = False
gameCompatible = True
funds = 1383317.6277411324
science = 367
reputationPercent = 44
ongoingContracts = 3
missionCurrentScore = 0
missionIsStarted = False
missionIsEnded = False
missionHistoryId = 00000000-0000-0000-0000-000000000000
missionExpansionVersion = 
saveMD5 = 657c27f58906ad69f80444e042624a4d
