vesselCount = 6
UT = 3403574.8509031655
gameMode = CAREER
gameNull = False
gameCompatible = True
funds = 1267358.4752643448
science = 179
reputationPercent = 40
ongoingContracts = 3
missionCurrentScore = 0
missionIsStarted = False
missionIsEnded = False
missionHistoryId = 00000000-0000-0000-0000-000000000000
missionExpansionVersion = 
saveMD5 = 610b3899261301108b440b708f5bf878
