vesselCount = 5
UT = 3493446.8142758785
gameMode = CAREER
gameNull = False
gameCompatible = True
funds = 1474131.1846430642
science = 351
reputationPercent = 42
ongoingContracts = 4
missionCurrentScore = 0
missionIsStarted = False
missionIsEnded = False
missionHistoryId = 00000000-0000-0000-0000-000000000000
missionExpansionVersion = 
saveMD5 = 4128e31394d90a7f0f6ca492dfc45c82
